# Einleitung
6,7
# Kapitel 1
10,11,14,15,18,21,24,26,27,28
# Kapitel 2
# Kapitel 3
46,57,60
# Kapitel 4
68,69,71,79,80,83,84
# Kapitel 5
88,89,91
# Kapitel 6
106
# Kapitel 7
118,121,122,125,126,127,128,129,130,133
# Kapitel 8
136,137,138,141,142,149,150,151,153
# Kapitel 9
156,160,162,164,166,
# Kapitel 10
170,175,179,180,181
# Kapitel 11
194,195
# Kapitel 12
205,206,207,212,215,216,
# Anhang A
223
# Anhang B
# Kapitel 13
236,237,238,239,240,241,242,243,244,245,246,247,249,251,252,253,254,256,258,261
# Kapitel 14
264,268,269,270,271
# Kapitel 15
281,289,290,291,292,293,294
# Kapitel 16
300,307,309
# Kapitel 17
314,315,317,318,319,320,321,322,323,325,326,327,328
# Kapitel 18
330,332,334,336
# Kapitel 19
342,343,344,345,346,349
# Kapitel 20
352,353,354,355,356,357,359,360,361,362,363
